center: [107.5366259, -7.066335],
zoom: 9.40
